-2.316895
-2.316895
-2.314453
-2.309570
-2.304688
-2.299805
-2.294922
-2.290039
-2.285156
-2.282715
-2.277832
-2.272949
-2.270508
-2.265625
-2.263184
-2.260742
-2.255859
-2.253418
-2.250977
-2.248535
-2.246094
-2.246094
-2.243652
-2.243652
-2.241211
-2.241211
-2.241211
-2.241211
-2.241211
-2.241211
-2.241211
-2.243652
-2.246094
-2.246094
-2.248535
-2.250977
-2.253418
-2.255859
-2.258301
-2.263184
-2.265625
-2.270508
-2.272949
-2.277832
-2.282715
-2.285156
-2.290039
-2.294922
-2.299805
-2.304688
-2.309570
-2.314453
-2.319336
-2.321777
-2.326660
-2.331543
-2.336426
-2.341309
-2.346191
-2.351074
-2.353516
-2.358398
-2.363281
-2.365723
-2.368164
-2.373047
-2.375488
-2.377930
-2.380371
-2.382813
-2.385254
-2.387695
-2.390137
-2.390137
-2.390137
-2.392578
-2.392578
-2.392578
-2.392578
-2.392578
-2.390137
-2.390137
-2.387695
-2.385254
-2.385254
-2.382813
-2.380371
-2.377930
-2.373047
-2.370605
-2.365723
-2.363281
-2.360840
-2.355957
-2.351074
-2.346191
-2.343750
-2.338867
-2.333984
-2.329102
-2.324219
-2.319336
-2.316895
-2.316895
-2.316895
-2.316895
-2.316895
-2.316895
-2.316895
-2.316895
-2.316895
-2.316895
-2.316895
-2.316895
-2.316895
-2.316895
-2.316895
-2.316895
-2.316895
-2.316895
-2.316895
-2.316895
-2.316895
-2.316895
-2.316895
-2.316895
-2.316895
-2.316895
-2.316895
-2.316895
-2.316895
-2.316895
-2.316895
-2.316895
-2.316895
-2.316895
-2.316895
-2.316895
-2.316895
-2.316895
-2.316895
-2.316895
-2.316895
-2.316895
-2.316895
-2.316895
-2.316895
-2.316895
-2.316895
-2.316895
